# Created at 2019-06-21 17:38:34 in KST in Seoul South Korea 
1561106314618640896 1.000000 
1561106315618567936 1.000000 
1561106316618643968 1.000000 
1561106317618684928 1.000000 
1561106318618687232 1.000000 
1561106319618674944 1.000000 
1561106320618621952 1.000000 
1561106321618604032 1.000000 
1561106322619170048 1.000000 
1561106323618661888 1.000000 
1561106324618646272 1.000000 
1561106325617878016 1.000000 
1561106326618385920 1.000000 
1561106327618639104 1.000000 
1561106328618566144 1.000000 
1561106329617678080 1.000000 
1561106330618448896 1.000000 
1561106331618607872 1.000000 
1561106332618063872 1.000000 
1561106333618507776 1.000000 
1561106334618567936 1.000000 
1561106335618677248 1.000000 
1561106336618583040 1.000000 
1561106337618648064 1.000000 
1561106338618664960 1.000000 
1561106339618656256 1.000000 
1561106340618650880 1.000000 
1561106341618684928 1.000000 
1561106342618597888 1.000000 
1561106343618687232 1.000000 
1561106344618682880 1.000000 
1561106345618688000 1.000000 
