# Created at 2019-06-21 17:38:34 in KST in Seoul South Korea 
436000652040125 241.718658 
436000662047125 241.702362 
436000672053125 241.649261 
436000682059125 241.578033 
436000692065125 241.516113 
436000702072125 241.505676 
436000712078125 241.523209 
436000722084125 241.532578 
436000732091125 241.524597 
436000742097125 241.509308 
436000752103125 241.493774 
436000762110125 241.491486 
436000772116125 241.495270 
436000782122125 241.489151 
436000792128125 241.482925 
436000802135125 241.496521 
436000812141125 241.534363 
436000822147125 241.598419 
436000832154125 241.697845 
436000842160125 241.837463 
436000852166125 242.004333 
436000862172125 242.187515 
436000872179125 242.362427 
436000882185125 242.485657 
436000892191125 242.541504 
436000902198125 242.539398 
436000912204125 242.506836 
436000922210125 242.476562 
436000932217125 242.471390 
436000942223125 242.492981 
436000952229125 242.532745 
436000962235125 242.581238 
436000972242125 242.622665 
436000982248125 242.653229 
436000992254125 242.679657 
436001002261125 242.693390 
436001012267125 242.665558 
436001022273125 242.601379 
436001032280125 242.530548 
436001042286125 242.469406 
436001052292125 242.420685 
436001062298125 242.376877 
436001072305125 242.347260 
436001082311125 242.345337 
436001092317125 242.364746 
436001102324125 242.406876 
436001112330000 242.463547 
436001122336000 242.516541 
436001132343000 242.552261 
436001142349000 242.563507 
436001152355000 242.553711 
436001162361000 242.523254 
436001172368000 242.469238 
436001182374000 242.392059 
436001192380000 246.126434 
436001202387000 246.143524 
436001212393000 246.149719 
436001222399000 246.155914 
436001232406000 246.172668 
436001242412000 246.210556 
436001252418000 246.269211 
436001262424000 246.343536 
436001272431000 246.430817 
436001282437000 246.515289 
436001292443000 246.586731 
436001302450000 246.644379 
436001312456000 246.678802 
436001322462000 246.684509 
436001332469000 246.655396 
436001342475000 246.594116 
436001352481000 246.513367 
436001362488000 246.421646 
436001372494000 246.332092 
436001382500000 246.254242 
436001392507000 246.199112 
436001402513000 246.172379 
436001412519000 246.178711 
436001422525000 246.215363 
436001432532000 246.272644 
436001442538000 246.344330 
436001452544000 246.418243 
436001462551000 246.484055 
436001472557000 246.480591 
436001482563000 246.417694 
436001492570000 246.398865 
436001502576000 246.450073 
436001512582000 246.520142 
436001522589000 246.582504 
436001532595000 246.635986 
436001542601000 246.695557 
436001552608000 246.789795 
436001562614000 246.929840 
436001572620000 247.095306 
436001582626000 247.274536 
436001592633000 247.451721 
436001602639000 247.612946 
436001612645000 247.761810 
436001622652000 247.896820 
436001632658000 248.016937 
436001642664000 248.122467 
436001652671000 248.220123 
436001662677000 248.312195 
436001672683000 248.395798 
436001682690000 248.472672 
436001692696000 248.542084 
436001702702000 248.603546 
436001712709000 248.656036 
436001722715000 243.140488 
436001732721000 243.145432 
436001742728000 243.152954 
436001752734000 243.171631 
436001762740000 243.199768 
436001772747000 243.237366 
436001782753000 248.703369 
436001792759000 248.678391 
436001802766000 248.652771 
436001812772000 248.626740 
436001822778000 248.601440 
436001832784000 248.575958 
436001842791000 248.544250 
436001852797000 248.504883 
436001862803000 248.460159 
436001872810000 248.414429 
436001882816000 248.369186 
436001892822000 248.326538 
436001902829000 248.288193 
436001912835000 248.248383 
436001922841000 248.200958 
436001932848000 248.146790 
436001942854000 248.089111 
436001952860000 248.032227 
436001962867000 247.978775 
436001972873000 247.931854 
436001982879000 247.892593 
436001992886000 247.861099 
436002002892000 247.839752 
436002012898000 247.825592 
436002022905000 247.811798 
436002032911000 247.794373 
436002042917000 247.771942 
436002052924000 247.745621 
436002062930000 247.710251 
436002072936000 247.663910 
436002082943000 247.607361 
436002092949000 247.546143 
436002102955000 247.481781 
436002112962250 247.414215 
436002122968250 247.346756 
436002132974250 247.276596 
436002142981250 247.201752 
436002152987250 247.120178 
436002162993250 247.032928 
436002173000250 246.942703 
436002183006250 246.856949 
436002193012250 246.779877 
436002203019250 246.718292 
436002213025250 246.681549 
436002223031250 246.673431 
436002233038250 246.691101 
436002243044250 246.724640 
436002253050250 246.761642 
436002263057250 246.795807 
436002273063250 246.825745 
436002283069250 246.853973 
436002293076250 246.881989 
436002303082250 246.913727 
436002313088250 246.945755 
436002323095250 246.969269 
436002333101250 246.983154 
436002343107250 246.984192 
436002353114250 246.975098 
436002363120250 246.955505 
436002373126250 246.919128 
436002383133250 246.869110 
436002393139250 246.817307 
436002403145250 246.770599 
436002413152250 246.727783 
436002423158250 246.668884 
436002433164250 246.627258 
436002443171250 246.646576 
436002453177250 246.699341 
436002463183250 246.751801 
436002473190250 246.800201 
436002483196250 246.841232 
436002493202250 246.873352 
436002503209250 246.899719 
436002513215250 246.924820 
436002523221250 246.953644 
436002533228250 246.988770 
436002543234250 247.032349 
436002553241250 247.083160 
436002563247250 247.139679 
436002573253250 247.197495 
436002583260250 247.255905 
436002593266250 247.309082 
436002603272250 247.352325 
436002613279250 247.382736 
436002623285250 247.397934 
436002633291250 247.400391 
436002643298250 247.395584 
436002653304250 247.389984 
436002663310250 247.384064 
436002673317250 247.384277 
436002683323250 247.394165 
436002693329250 247.414383 
436002703336250 247.435135 
436002713342250 247.457153 
436002723348250 247.478790 
436002733355250 247.495743 
436002743361250 247.502289 
436002753367250 247.496307 
436002763374250 247.478760 
436002773380250 247.454041 
436002783386250 247.427856 
436002793393250 247.404724 
436002803399250 247.390656 
436002813405250 247.390045 
436002823412250 247.403137 
436002833418250 247.426025 
436002843425250 247.448822 
436002853431250 247.463409 
436002863437250 247.467331 
436002873444250 247.464981 
436002883450250 247.461304 
436002893456250 247.459152 
436002903463250 247.456024 
436002913469250 247.447113 
436002923475250 247.436951 
436002933482250 247.426910 
436002943488250 247.415070 
436002953494250 247.400757 
436002963501250 247.385101 
436002973507250 247.362335 
436002983513250 247.331573 
436002993520250 247.292786 
436003003526250 247.248550 
436003013533250 247.200806 
436003023539250 247.155853 
436003033545250 247.120178 
436003043552250 247.094650 
436003053558250 247.077377 
436003063564250 247.067490 
436003073571250 247.062836 
436003083577250 247.065582 
436003093583250 247.077164 
436003103590250 247.101440 
436003113595500 247.136642 
436003123601500 247.179169 
436003133608500 247.227844 
436003143614500 247.277130 
436003153621500 247.325439 
436003163627500 247.365265 
436003173633500 247.400238 
436003183640500 247.437225 
436003193646500 247.478546 
436003203652500 247.530289 
436003213659500 247.595718 
436003223665500 247.673431 
436003233671500 247.753586 
436003243678500 247.828674 
436003253684500 247.895416 
436003263690500 247.947235 
436003273697500 247.986969 
436003283703500 248.009705 
436003293710500 248.017944 
436003303716500 248.022919 
436003313722500 248.035873 
436003323729500 248.053986 
436003333735500 248.072021 
436003343741500 248.087952 
436003353748500 248.098160 
436003363754500 248.095657 
436003373760500 248.080902 
436003383767500 248.058472 
436003393773500 248.030670 
436003403780500 247.999237 
436003413786500 247.972733 
436003423792500 247.949158 
436003433799500 247.929962 
436003443805500 247.906998 
436003453811500 247.876282 
436003463818500 247.841599 
436003473824500 247.803009 
436003483830500 247.763916 
436003493837500 247.727203 
436003503843500 247.688904 
436003513849500 247.619766 
436003523856500 247.502716 
436003533862500 247.427017 
436003543869500 247.416870 
436003553875500 247.425125 
436003563881500 247.426651 
436003573888500 247.425446 
436003583894500 247.412872 
436003593900500 247.392181 
436003603907500 247.401459 
436003613913500 247.426208 
436003623920500 247.447937 
436003633926500 247.463104 
436003643932500 247.476105 
436003653939500 247.491577 
436003663945500 247.506836 
436003673951500 247.518890 
436003683958500 247.524368 
436003693964500 247.528473 
436003703970500 247.532394 
436003713977500 247.532059 
436003723983500 247.521454 
436003733990500 247.498688 
436003743996500 247.466080 
436003754002500 247.426102 
436003764009500 247.382111 
436003774015500 247.339981 
436003784021500 247.304901 
436003794028500 247.278839 
436003804034500 247.259338 
436003814041500 247.243637 
436003824047500 247.229462 
436003834053500 247.215759 
436003844060500 247.205322 
436003854066500 247.200745 
436003864072500 247.198425 
436003874079500 247.192688 
436003884085500 247.177734 
436003894092500 247.146713 
436003904098500 242.732971 
436003914104500 242.736633 
436003924111500 242.714905 
436003934117500 242.679321 
436003944123500 242.642548 
436003954130500 242.626556 
436003964136500 242.637054 
436003974142500 242.675079 
436003984149500 242.744843 
436003994155500 242.838806 
436004004162500 242.938202 
436004014168500 243.032227 
436004024174500 243.102997 
436004034181500 243.130127 
436004044187500 243.108948 
436004054193500 243.081848 
436004064200500 243.087219 
436004074206500 243.136078 
436004084213500 243.228683 
436004094219500 243.354065 
436004104225500 243.488388 
436004114232875 243.612915 
436004124238875 243.730347 
436004134245875 243.835464 
436004144251875 243.914185 
436004154257875 243.965790 
436004164264875 244.001923 
436004174270875 244.061310 
436004184276875 244.177109 
436004194283875 244.356201 
436004204289875 244.581421 
436004214296875 244.808365 
436004224302875 244.979767 
436004234308875 245.077972 
436004244315875 245.114868 
436004254321875 245.088882 
436004264327875 245.010071 
436004274334875 244.926895 
436004284340875 244.877411 
436004294347875 244.862946 
436004304353875 244.850922 
436004314359875 244.803864 
436004324366875 244.726761 
436004334372875 244.646362 
436004344378875 244.578705 
436004354385875 244.516296 
436004364391875 244.445892 
436004374398875 244.379150 
436004384404875 244.318359 
436004394410875 244.253845 
436004404417875 244.192505 
436004414423875 244.146515 
436004424430875 244.118393 
436004434436875 244.100296 
436004444442875 244.096924 
436004454449875 244.098053 
436004464455875 244.105835 
436004474461875 244.135330 
436004484468875 244.182053 
436004494474875 244.224579 
436004504481875 244.259750 
436004514487875 244.295410 
436004524493875 244.338425 
436004534500875 244.408676 
436004544506875 244.503296 
436004554513875 244.606293 
436004564519875 244.713379 
436004574525875 244.811340 
436004584532875 244.893738 
436004594538875 244.971344 
436004604544875 245.049408 
436004614551875 245.128784 
436004624557875 245.205811 
436004634564875 245.276978 
436004644570875 245.355225 
436004654576875 245.455368 
436004664583875 245.581818 
436004674589875 245.732025 
436004684596875 245.898941 
436004694602875 246.067352 
436004704608875 246.232574 
436004714615875 246.405640 
436004724621875 246.596954 
436004734628875 246.805664 
436004744634875 247.034058 
436004754640875 247.268280 
436004764647875 247.474762 
436004774653875 247.632919 
436004784659875 247.743439 
436004794666875 247.809601 
436004804672875 247.871399 
436004814679875 247.957245 
436004824685875 248.035217 
436004834691875 248.074173 
436004844698875 248.073547 
436004854704875 248.034912 
436004864711875 247.971649 
436004874717875 247.874268 
436004884723875 247.739227 
436004894730875 247.587219 
436004904736875 247.419220 
436004914743875 247.232513 
436004924749875 247.043335 
436004934755875 246.867767 
436004944762875 246.712708 
436004954768875 246.572922 
436004964775875 246.438782 
436004974781875 246.299622 
436004984787875 246.156860 
436004994794875 246.029755 
436005004800875 245.904694 
436005014806875 245.739319 
436005024813875 245.533203 
436005034819875 245.315338 
436005044826875 245.110672 
436005054832875 244.919708 
436005064838875 244.739044 
436005074845875 244.575226 
436005084851875 244.412811 
436005094858875 244.237473 
436005104864875 244.053802 
436005114871125 243.861267 
436005124878125 243.661194 
436005134884125 243.452789 
436005144891125 243.232986 
436005154897125 243.018890 
436005164903125 242.846664 
436005174910125 242.719269 
436005184916125 242.619385 
436005194923125 242.530762 
436005204929125 242.444901 
436005214935125 242.362823 
436005224942125 242.286499 
436005234948125 242.217926 
436005244955125 242.150269 
436005254961125 242.075409 
436005264967125 241.999481 
436005274974125 241.921509 
436005284980125 241.844604 
436005294987125 247.564270 
436005304993125 247.486877 
436005314999125 247.442993 
436005325006125 247.421600 
436005335012125 247.403427 
436005345019125 247.378860 
436005355025125 247.339630 
436005365031125 247.299149 
436005375038125 247.259628 
436005385044125 247.203461 
436005395051125 247.119934 
436005405057125 247.007629 
436005415063125 246.871201 
436005425070125 246.728119 
436005435076125 246.591705 
436005445083125 246.478195 
436005455089125 246.383362 
436005465095125 246.298676 
436005475102125 246.225906 
436005485108125 246.154648 
436005495115125 246.074768 
436005505121125 245.976440 
436005515127125 245.847687 
436005525134125 245.702179 
436005535140125 245.572266 
436005545147125 245.492676 
436005555153125 245.474289 
436005565159125 245.504852 
436005575166125 245.559357 
436005585172125 245.609558 
436005595179125 245.620956 
436005605185125 245.567368 
436005615192125 245.456818 
436005625198125 245.320587 
436005635204125 245.196381 
436005645211125 245.106613 
436005655217125 245.058075 
436005665224125 245.025421 
436005675230125 244.963470 
436005685236125 244.833160 
436005695243125 244.142120 
436005705249125 244.069946 
436005715256125 243.971802 
436005725262125 243.893997 
436005735268125 243.847702 
436005745275125 243.798706 
436005755281125 243.689941 
436005765288125 243.509338 
436005775294125 243.292480 
436005785300125 243.110352 
436005795307125 243.011597 
436005805313125 243.055878 
436005815320125 243.260071 
436005825326125 243.568909 
436005835332125 243.864746 
436005845339125 244.064438 
436005855345125 244.181213 
436005865352125 244.276947 
436005875358125 244.422058 
436005885365125 244.646164 
436005895371125 244.897675 
436005905377125 245.116425 
436005915384125 245.297302 
436005925390125 245.473267 
436005935397125 245.660614 
436005945403125 245.828445 
436005955409125 245.965759 
436005965416125 246.096527 
436005975422125 246.278595 
436005985429125 246.517181 
436005995435125 246.744659 
436006005441125 246.882233 
436006015448125 246.898895 
436006025454125 246.826843 
436006035461125 246.752045 
436006045467125 246.735352 
436006055474125 246.777588 
436006065480125 246.820923 
436006075486125 246.815277 
436006085493125 246.763092 
436006095499125 246.697784 
436006105506125 246.660706 
436006115511417 246.649689 
436006125517417 246.664795 
436006135524417 246.692169 
436006145530417 246.717758 
436006155537417 246.735901 
436006165543417 246.733612 
436006175549417 246.714325 
436006185556417 246.682587 
436006195562417 246.656982 
436006205569417 246.662659 
436006215575417 246.700241 
436006225582417 246.745178 
436006235588417 246.763184 
436006245594417 246.760910 
436006255601417 246.752106 
436006265607417 246.748703 
436006275614417 246.761139 
436006285620417 246.792267 
436006295626417 246.831573 
436006305633417 246.855499 
436006315639417 246.859283 
436006325646417 246.842331 
436006335652417 246.826828 
436006345659417 246.845245 
436006355665417 246.901825 
436006365671417 246.985687 
436006375678417 247.080170 
436006385684417 247.171021 
436006395691417 247.240509 
436006405697417 247.281525 
436006415703417 247.295090 
436006425710417 247.299591 
436006435716417 247.315918 
436006445723417 247.342941 
436006455729417 247.378098 
436006465736417 247.413910 
436006475742417 247.455383 
436006485748417 247.512817 
436006495755417 247.602768 
436006505761417 247.734314 
436006515768417 247.886276 
436006525774417 248.032623 
436006535780417 248.158569 
436006545787417 248.265564 
436006555793417 248.362091 
436006565800417 248.470764 
436006575806417 248.588669 
436006585813417 248.720245 
436006595819417 248.889786 
436006605825417 249.045502 
436006615832417 249.120941 
436006625838417 249.091202 
436006635845417 248.961807 
436006645851417 248.781525 
436006655857417 248.611145 
436006665864417 248.489349 
436006675870417 248.431259 
436006685877417 248.401520 
436006695883417 248.318329 
436006705890417 248.167130 
436006715896417 247.989227 
436006725902417 247.819672 
436006735909417 247.659348 
436006745915417 247.506805 
436006755922417 247.360992 
436006765928417 247.247086 
436006775935417 247.166077 
436006785941417 247.080032 
436006795947417 246.983154 
436006805954417 246.882599 
436006815960417 246.760468 
436006825967417 246.596405 
436006835973417 246.382294 
436006845980417 246.103989 
436006855986417 245.791183 
436006865992417 245.546021 
436006875999417 245.407257 
436006886005417 245.347137 
436006896012417 245.301727 
436006906018417 245.182800 
436006916024417 244.960464 
436006926031417 244.666275 
436006936037417 244.354614 
436006946044417 244.075607 
436006956050417 243.855316 
436006966057417 243.714386 
436006976063417 243.675842 
436006986069417 243.693451 
436006996076417 243.683411 
436007006082417 243.604828 
436007016089417 243.466125 
436007026095417 243.321350 
436007036102417 243.227509 
436007046108417 243.200165 
436007056114417 247.001007 
436007066121417 247.073364 
436007076127417 247.133774 
436007086134417 247.171326 
436007096140417 247.181656 
436007106147417 247.158783 
436007116154125 247.103149 
436007126160125 247.011337 
436007136167125 246.892700 
436007146173125 246.763474 
436007156180125 246.641083 
436007166186125 246.543884 
436007176192125 246.481659 
436007186199125 246.460602 
436007196205125 246.472412 
436007206212125 246.502914 
436007216218125 246.542175 
436007226225125 246.583801 
436007236231125 246.626617 
436007246238125 246.658020 
436007256244125 246.667740 
436007266250125 246.655167 
436007276257125 246.626434 
436007286263125 246.583710 
436007296270125 246.516663 
436007306276125 246.416656 
436007316282125 246.296997 
436007326289125 246.186829 
436007336295125 246.109344 
436007346302125 246.072815 
436007356308125 246.072266 
436007366315125 246.089920 
436007376321125 246.115173 
436007386327125 246.138031 
436007396334125 246.135254 
436007406340125 246.086182 
436007416347125 245.976669 
436007426353125 245.834869 
436007436360125 245.716248 
436007446366125 245.661987 
436007456373125 245.678238 
436007466379125 245.752518 
436007476385125 245.873444 
436007486392125 242.125412 
436007496398125 242.301025 
436007506405125 242.410858 
436007516411125 242.460236 
436007526418125 242.474106 
436007536424125 242.527954 
436007546430125 242.679291 
436007556437125 242.938568 
436007566443125 243.268173 
436007576450125 243.594391 
436007586456125 243.817078 
436007596463125 243.889572 
436007606469125 243.881531 
436007616475125 243.887299 
436007626482125 243.962738 
436007636488125 244.122971 
436007646495125 244.386444 
436007656501125 244.748367 
436007666508125 245.125885 
436007676514125 245.434845 
436007686520125 245.640228 
436007696527125 245.752258 
436007706533125 245.800262 
436007716540125 245.809509 
436007726546125 245.772247 
436007736553125 245.691589 
436007746559125 245.634628 
436007756565125 245.640549 
436007766572125 245.689819 
436007776578125 245.739777 
436007786585125 245.730042 
436007796591125 245.614990 
436007806598125 245.389313 
436007816604125 245.129517 
436007826610125 244.909485 
436007836617125 244.746994 
436007846623125 244.627747 
436007856630125 244.532776 
436007866636125 244.438583 
436007876643125 244.343994 
436007886649125 244.251740 
436007896656125 244.170074 
436007906662125 244.124908 
436007916668125 244.143280 
436007926675125 244.234039 
436007936681125 244.359100 
436007946688125 244.471863 
436007956694125 244.540466 
436007966701125 244.564178 
436007976707125 244.579620 
436007986713125 244.614456 
436007996720125 244.670044 
436008006726125 244.740982 
436008016733125 244.827332 
436008026739125 244.914459 
436008036746125 244.984589 
436008046752125 245.024704 
436008056758125 245.044067 
436008066765125 245.067657 
436008076771125 245.110443 
436008086778125 245.171783 
436008096784125 245.235779 
436008106791125 245.302155 
436008116796875 245.392029 
436008126803875 245.501831 
436008136809875 245.620865 
436008146815875 245.731812 
436008156822875 245.825317 
436008166828875 245.898529 
436008176835875 245.944977 
436008186841875 245.973816 
436008196848875 246.002472 
436008206854875 246.042145 
436008216861875 246.110641 
436008226867875 246.201874 
436008236873875 246.284393 
436008246880875 246.324081 
436008256886875 246.301468 
436008266893875 246.203873 
436008276899875 246.061050 
436008286906875 245.933502 
436008296912875 245.865738 
436008306918875 245.875244 
436008316925875 245.926529 
436008326931875 245.958710 
436008336938875 245.925354 
436008346944875 245.830627 
436008356951875 245.718994 
436008366957875 245.634369 
436008376964875 245.593842 
436008386970875 245.585098 
436008396976875 245.571777 
436008406983875 245.524857 
436008416989875 245.428925 
436008426996875 245.292084 
436008437002875 245.131226 
436008447009875 244.977631 
436008457015875 244.871124 
436008467022875 244.812424 
436008477028875 244.773041 
436008487034875 244.742416 
436008497041875 244.713684 
436008507047875 244.662262 
436008517054875 244.581879 
436008527060875 244.490707 
436008537067875 244.420273 
436008547073875 244.372818 
436008557080875 244.344406 
436008567086875 244.313568 
436008577092875 244.266907 
436008587099875 244.185532 
436008597105875 244.057907 
436008607112875 243.920197 
436008617118875 243.810608 
436008627125875 243.751129 
436008637131875 243.742722 
436008647138875 243.744522 
436008657144875 243.744598 
436008667150875 243.752609 
436008677157875 243.764862 
436008687163875 243.773483 
436008697170875 243.756104 
436008707176875 243.677429 
436008717183875 243.555939 
436008727189875 243.435974 
436008737196875 243.343323 
436008747202875 243.298309 
436008757208875 243.302689 
436008767215875 243.343643 
436008777221875 243.385193 
436008787228875 243.384872 
436008797234875 243.326233 
436008807241875 244.188034 
436008817247875 244.240570 
436008827254875 244.299713 
436008837260875 244.369598 
436008847266875 244.448853 
436008857273875 244.536087 
436008867279875 244.624573 
436008877286875 244.709167 
436008887292875 244.781937 
436008897299875 244.839996 
436008907305875 244.885010 
436008917312875 244.917694 
436008927318875 244.937073 
436008937325875 244.937378 
436008947331875 244.916016 
436008957337875 244.878159 
436008967344875 244.829010 
436008977350875 244.766571 
436008987357875 244.690338 
436008997363875 244.616516 
436009007370875 244.562561 
436009017376875 244.534729 
436009027383875 244.521255 
436009037389875 244.504486 
436009047395875 244.474899 
436009057402875 244.428192 
436009067408875 244.369476 
436009077415875 244.314545 
436009087421875 244.271240 
436009097428875 244.255280 
436009107434875 244.275574 
436009117441500 244.343643 
436009127447500 244.455490 
436009137454500 244.581451 
436009147460500 241.579941 
436009157466500 241.641129 
436009167473500 241.869949 
436009177479500 242.278671 
436009187486500 242.824829 
436009197492500 243.419586 
436009207499500 243.936981 
436009217505500 244.189865 
436009227512500 244.109985 
436009237518500 243.852249 
436009247525500 243.642242 
436009257531500 243.603638 
436009267537500 243.760254 
436009277544500 244.056152 
436009287550500 244.432678 
436009297557500 244.803452 
436009307563500 245.013306 
436009317570500 245.021225 
436009327576500 244.909760 
436009337583500 244.757843 
436009347589500 244.633820 
436009357596500 244.557587 
436009367602500 244.532944 
436009377608500 244.575439 
436009387615500 244.675171 
436009397621500 244.779114 
436009407628500 244.830917 
436009417634500 244.850800 
436009427641500 244.876038 
436009437647500 244.920151 
436009447654500 244.938843 
436009457660500 244.916504 
436009467667500 244.879578 
436009477673500 244.855301 
436009487679500 244.886612 
436009497686500 244.963135 
436009507692500 245.046173 
436009517699500 245.084015 
436009527705500 245.043182 
436009537712500 244.940720 
436009547718500 244.832031 
436009557725500 244.777756 
436009567731500 244.809692 
436009577738500 244.903137 
436009587744500 245.053436 
436009597751500 245.252350 
436009607757500 245.432800 
436009617763500 245.547424 
436009627770500 245.604691 
436009637776500 245.621643 
436009647783500 245.641602 
436009657789500 245.720154 
436009667796500 245.896637 
436009677802500 246.164520 
436009687809500 246.439758 
436009697815500 246.653946 
436009707822500 246.786850 
436009717828500 246.868225 
436009727835500 246.931946 
436009737841500 247.013000 
436009747847500 247.124115 
436009757854500 247.268570 
436009767860500 247.435974 
436009777867500 247.587402 
436009787873500 247.684418 
436009797880500 247.721451 
436009807886500 247.723694 
436009817893500 247.704773 
436009827899500 247.678772 
436009837906500 247.665390 
436009847912500 247.671844 
436009857919500 247.695984 
436009867925500 247.727600 
436009877932500 247.758820 
436009887938500 247.790527 
436009897944500 247.821869 
436009907951500 247.864899 
436009917957500 247.932693 
436009927964500 248.023743 
436009937970500 248.132843 
436009947977500 248.241425 
436009957983500 248.322174 
436009967990500 248.372208 
436009977996500 248.406494 
436009988003500 248.433929 
436009998009500 248.459167 
436010008016500 248.470886 
436010018022500 248.465881 
436010028029500 248.472794 
436010038035500 248.512436 
436010048041500 248.572571 
436010058048500 248.641724 
436010068054500 248.693970 
436010078061500 248.696625 
436010088067500 248.647079 
436010098074500 248.555237 
436010108080500 248.449295 
436010118087875 248.375977 
436010128093875 248.356476 
436010138100875 248.397766 
436010148106875 248.482773 
436010158113875 248.549408 
436010168119875 248.526459 
436010178126875 248.404144 
436010188132875 248.236389 
436010198139875 248.073608 
436010208145875 247.934906 
436010218151875 247.829422 
436010228158875 247.756882 
436010238164875 247.743027 
436010248171875 247.821274 
436010258177875 247.938095 
436010268184875 247.997131 
436010278190875 247.938919 
436010288197875 247.778137 
436010298203875 247.562714 
436010308210875 247.368530 
436010318216875 247.267212 
436010328223875 247.272903 
436010338229875 247.357574 
436010348236875 247.468765 
436010358242875 247.532928 
436010368249875 247.498077 
436010378255875 247.349091 
436010388262875 247.101868 
436010398268875 246.787964 
436010408275875 246.469666 
436010418281875 246.240845 
436010428287875 246.174271 
436010438294875 246.259949 
436010448300875 246.380692 
436010458307875 246.323364 
436010468313875 245.989288 
436010478320875 245.506012 
436010488326875 245.058746 
436010498333875 244.764648 
436010508339875 244.619446 
436010518346875 244.504486 
436010528352875 243.913025 
436010538359875 243.953049 
436010548365875 243.976471 
436010558372875 243.971695 
436010568378875 243.950150 
436010578385875 243.930573 
436010588391875 243.929352 
436010598398875 243.961212 
436010608404875 244.038666 
436010618411875 244.167114 
436010628417875 244.340027 
436010638423875 244.544128 
436010648430875 244.748138 
436010658436875 244.921936 
436010668443875 245.054688 
436010678449875 245.138519 
436010688456875 245.182785 
436010698462875 245.203979 
436010708469875 245.213669 
436010718475875 245.221008 
436010728482875 245.227478 
436010738488875 245.232758 
436010748495875 245.232635 
436010758501875 245.220459 
436010768508875 245.191086 
436010778514875 245.137817 
436010788521875 245.064117 
436010798527875 244.985443 
436010808534875 244.916931 
436010818540875 244.878769 
436010828547875 244.881393 
436010838553875 244.920135 
436010848560875 244.980560 
436010858566875 245.038757 
436010868573875 245.070374 
436010878579875 245.059174 
436010888586875 244.990280 
436010898592875 244.866455 
436010908599875 244.704895 
436010918605875 244.522247 
436010928612875 244.347168 
436010938618875 244.188263 
436010948624875 244.054260 
436010958631875 243.957672 
436010968637875 243.896469 
436010978644875 243.852493 
436010988650875 243.772995 
436010998657875 243.628189 
436011008663875 243.431030 
436011018670875 243.210266 
436011028676875 243.004822 
436011038683875 242.850281 
436011048689875 242.767365 
436011058696875 242.740021 
436011068702875 242.751801 
436011078709875 242.780609 
436011088715875 241.691284 
436011098722875 241.756226 
436011108728875 241.860779 
436011118735625 242.001297 
436011128741625 242.188553 
436011138748625 242.406570 
436011148754625 242.570755 
436011158761625 242.643951 
436011168767625 242.687317 
436011178774625 242.748199 
436011188780625 242.829193 
436011198787625 243.026947 
436011208793625 243.431320 
436011218800625 243.987671 
436011228806625 244.448242 
436011238813625 244.601868 
436011248819625 244.549805 
436011258826625 244.517731 
436011268832625 244.608765 
436011278839625 244.796402 
436011288845625 245.015350 
436011298852625 245.196259 
436011308858625 245.308167 
436011318865625 245.364868 
436011328871625 245.425690 
436011338877625 245.526810 
436011348884625 245.625000 
436011358890625 245.701813 
436011368897625 245.798676 
436011378903625 245.937805 
436011388910625 246.117096 
436011398916625 246.300247 
436011408923625 246.454437 
436011418929625 246.588745 
436011428936625 246.737885 
436011438942625 246.881683 
436011448949625 246.993896 
436011458955625 247.079102 
436011468962625 247.163589 
436011478968625 247.269745 
436011488975625 247.368378 
436011498981625 247.438660 
436011508988625 247.497833 
436011518994625 247.575745 
436011529001625 247.681763 
436011539007625 247.807205 
436011549014625 247.954178 
436011559020625 248.112503 
436011569027625 248.279999 
436011579033625 248.452393 
436011589040625 248.604523 
436011599046625 248.726074 
436011609053625 248.816223 
436011619059625 248.883743 
436011629066625 248.940369 
436011639072625 248.974091 
436011649079625 248.970154 
436011659085625 248.921143 
436011669092625 248.848907 
436011679098625 248.789948 
436011689105625 248.699738 
436011699111625 248.537781 
436011709118625 248.354156 
436011719124625 248.244003 
436011729131625 248.256592 
436011739137625 248.360962 
436011749144625 248.475708 
436011759150625 248.533112 
436011769157625 248.522736 
436011779163625 248.437744 
436011789170625 248.276627 
436011799176625 248.028305 
436011809183625 247.762848 
436011819189625 247.604340 
436011829196625 247.578079 
436011839202625 247.616089 
436011849209625 247.661636 
436011859215625 247.703949 
436011869222625 247.690033 
436011879228625 247.573441 
436011889235625 247.363281 
436011899241625 247.119110 
436011909248625 246.941544 
436011919254625 246.906372 
436011929261625 246.979095 
436011939267625 247.047684 
436011949274625 247.031891 
436011959280625 246.895630 
436011969287625 246.629456 
436011979293625 246.240234 
436011989300625 245.759903 
436011999306625 245.278625 
436012009313625 244.898514 
436012019319625 244.276550 
436012029326625 244.302582 
436012039332625 244.368546 
436012049339625 244.445847 
436012059345625 244.514847 
436012069352625 244.567932 
436012079358625 244.604965 
436012089365625 244.614334 
436012099371625 244.584534 
436012109378625 244.525040 
436012119391167 244.454727 
436012129398167 244.404816 
436012139404167 244.393845 
436012149411167 244.426117 
436012159417167 244.495209 
436012169424167 244.586517 
436012179430167 244.674927 
436012189437167 244.733429 
436012199443167 244.751511 
436012209450167 244.747879 
436012219456167 244.749084 
436012229463167 244.776337 
436012239469167 244.832947 
436012249476167 244.905945 
436012259482167 244.988220 
436012269489167 245.083252 
436012279495167 245.193344 
436012289502167 245.305328 
436012299508167 245.411240 
436012309515167 245.506134 
436012319521167 245.590073 
436012329528167 245.663605 
436012339534167 245.726868 
436012349541167 245.787811 
436012359547167 245.852295 
436012369554167 245.913971 
436012379560167 245.966888 
436012389567167 246.009430 
436012399573167 246.037827 
436012409580167 246.040253 
436012419586167 246.011414 
436012429593167 245.955368 
436012439599167 245.882782 
436012449606167 245.806473 
436012459612167 245.734863 
436012469619167 245.672852 
436012479625167 245.617310 
436012489632167 245.571045 
436012499638167 245.532776 
436012509645167 245.495712 
436012519651167 245.451050 
436012529658167 245.399139 
436012539664167 245.347961 
436012549671167 245.304947 
436012559677167 245.271957 
436012569684167 245.248764 
436012579690167 245.239914 
436012589697167 245.245483 
436012599703167 245.259460 
436012609710167 245.279846 
436012619716167 245.301590 
436012629723167 245.325714 
436012639729167 245.350403 
436012649736167 245.378174 
436012659742167 245.410828 
436012669749167 245.448273 
436012679755167 245.492294 
436012689762167 245.543365 
436012699768167 245.598480 
436012709775167 245.654755 
436012719781167 245.716446 
436012729788167 245.783478 
436012739794167 245.854721 
436012749801167 245.926727 
436012759807167 245.993408 
436012769814167 246.054199 
436012779820167 246.111221 
436012789827167 246.162643 
436012799833167 246.199615 
436012809840167 246.223480 
436012819846167 246.234741 
436012829853167 246.250000 
436012839859167 246.283813 
436012849866167 246.333191 
436012859872167 246.394653 
436012869879167 246.447449 
436012879885167 246.494171 
436012889892167 246.534454 
436012899898167 246.564438 
436012909905167 246.585754 
436012919911167 246.604797 
436012929918167 246.632324 
436012939924167 246.685028 
436012949931167 246.763260 
436012959937167 246.852051 
436012969944167 246.934784 
436012979950167 247.001938 
436012989957167 247.048523 
436012999963167 247.076157 
436013009970167 247.096619 
436013019976167 247.122833 
436013029983167 247.164154 
436013039989167 247.230850 
436013049996167 247.309631 
436013060002167 247.392395 
436013070009167 247.468658 
436013080016167 247.542603 
436013090022167 247.629074 
436013100029167 247.735306 
436013110035167 247.867432 
436013120036500 248.025452 
436013130042500 248.201141 
436013140049500 248.375778 
436013150055500 248.545166 
436013160062500 248.711639 
436013170068500 248.865189 
436013180075500 249.001328 
436013190081500 249.135437 
436013200088500 249.287109 
436013210094500 249.453186 
436013220101500 209.759964 
436013230107500 209.271988 
436013240114500 208.802048 
436013250120500 208.328979 
436013260127500 207.871384 
436013270133500 207.452744 
436013280140500 207.082748 
436013290146500 206.752029 
436013300153500 206.443665 
436013310159500 206.159515 
436013320166500 205.907501 
436013330172500 205.692215 
436013340179500 205.518036 
436013350185500 205.392792 
436013360192500 205.341614 
436013370198500 205.358704 
436013380205500 205.418823 
436013390211500 205.527817 
436013400218500 205.705261 
436013410224500 205.935272 
436013420231500 206.214828 
436013430237500 206.554306 
436013440244500 206.954910 
436013450250500 207.389923 
436013460257500 207.842896 
436013470263500 208.342560 
436013480270500 208.903122 
436013490276500 209.518021 
436013500283500 210.185471 
436013510290500 210.908340 
436013520296500 211.698288 
436013530303500 212.506760 
436013540309500 213.262497 
436013550316500 213.961761 
436013560322500 214.618393 
436013570329500 215.239700 
436013580335500 215.853958 
436013590342500 216.506882 
436013600348500 217.228668 
436013610355500 218.057129 
436013620361500 218.984131 
436013630368500 219.943985 
436013640374500 220.900024 
436013650381500 221.866638 
436013660387500 222.856049 
436013670394500 223.867004 
436013680400500 224.861786 
436013690407500 225.811646 
436013700413500 226.766037 
436013710420500 227.752243 
436013720426500 228.711609 
436013730433500 229.599197 
436013740439500 230.464371 
436013750446500 231.366638 
436013760452500 232.354218 
436013770459500 233.406128 
436013780465500 234.476669 
436013790472500 235.502747 
436013800479500 236.428925 
436013810485500 237.269318 
436013820492500 238.019897 
436013830498500 238.746216 
436013840505500 239.529617 
436013850511500 240.356995 
436013860518500 241.204239 
436013870524500 242.076599 
436013880531500 243.015381 
436013890537500 243.983597 
436013900544500 244.933014 
436013910550500 245.837891 
436013920557500 246.659729 
436013930563500 247.460464 
436013940570500 248.274155 
436013950576500 249.121323 
436013960583500 250.011536 
436013970589500 250.928223 
436013980596500 251.802673 
436013990602500 252.585907 
436014000609500 253.331558 
436014010615500 254.070404 
436014020622500 254.803040 
436014030628500 255.574997 
436014040635500 256.411285 
436014050641500 257.353058 
436014060648500 258.390594 
436014070655500 259.482758 
436014080661500 260.556946 
436014090668500 261.520081 
436014100674500 262.413544 
436014110681500 263.303467 
436014120687500 264.237183 
436014130694500 265.213257 
436014140700500 266.203217 
436014150707500 267.219299 
436014160713500 268.247864 
436014170720500 269.285980 
436014180726500 270.261108 
436014190733500 271.123871 
436014200739500 271.900696 
436014210746500 272.657715 
436014220752500 273.432037 
436014230759500 274.213959 
436014240765500 274.968933 
436014250772500 275.644775 
436014260778500 276.235107 
436014270785500 276.753479 
436014280791500 277.205200 
436014290798500 277.630585 
436014300805500 278.036133 
436014310811500 278.394165 
436014320818500 278.693665 
436014330824500 278.918640 
436014340831500 279.032654 
436014350837500 279.059204 
436014360844500 279.059631 
436014370850500 279.070862 
436014380857500 279.091522 
436014390863500 279.092499 
436014400870500 279.045288 
436014410876500 278.942749 
436014420883500 278.776428 
436014430889500 278.546509 
436014440896500 278.257324 
436014450902500 277.904480 
436014460909500 277.478149 
436014470915500 276.972046 
436014480922500 276.433411 
436014490928500 275.895020 
436014500935500 275.364044 
436014510942500 274.819336 
436014520948500 274.230072 
436014530955500 273.569366 
436014540961500 272.806335 
436014550968500 271.961548 
436014560974500 271.075226 
436014570981500 270.184418 
436014580987500 269.291931 
436014590994500 268.401154 
436014601000500 267.498840 
436014611007500 266.571228 
436014621013500 265.607086 
436014631020500 264.640961 
436014641026500 263.701538 
436014651033500 262.747437 
436014661039500 261.731903 
436014671046500 260.632141 
436014681053500 259.473846 
436014691059500 258.265198 
436014701066500 256.988403 
436014711072500 255.635559 
436014721079500 254.211365 
436014731085500 252.757889 
436014741092500 251.355743 
436014751098500 250.025330 
436014761105500 248.771912 
436014771111500 247.556824 
436014781118500 246.314484 
436014791124500 245.021240 
436014801131500 243.642151 
436014811137500 242.182648 
436014821144500 240.656647 
436014831150500 239.082855 
436014841157500 237.528595 
436014851163500 236.062897 
436014861170500 234.693298 
436014871177500 233.323456 
436014881183500 231.885040 
436014891190500 230.346603 
436014901196500 228.684479 
436014911203500 226.955139 
436014921209500 225.223175 
436014931216500 223.563583 
436014941222500 222.039429 
436014951229500 220.656433 
436014961235500 219.388870 
436014971242500 218.140503 
436014981248500 216.818085 
436014991255500 215.397034 
436015001261500 213.883926 
436015011268500 212.336670 
436015021274500 210.853729 
436015031281500 209.499191 
436015041288500 208.266922 
436015051294500 207.146332 
436015061301500 206.110214 
436015071307500 205.064499 
436015081314500 203.944824 
436015091320500 202.771576 
436015101327500 201.608810 
436015111333500 200.518265 
436015121343500 199.534775 
436015131349500 198.698685 
436015141356500 198.035202 
436015151362500 197.524277 
436015161369500 197.152039 
436015171375500 196.891891 
436015181382500 196.695602 
436015191388500 196.544617 
436015201395500 196.441330 
436015211401500 196.379807 
436015221408500 196.345520 
436015231415500 196.323715 
436015241421500 196.338074 
436015251428500 196.413177 
436015261434500 196.569748 
436015271441500 196.822113 
436015281447500 197.156281 
436015291454500 197.543777 
436015301460500 197.993118 
436015311467500 198.457169 
436015321473500 198.871704 
436015331480500 199.270462 
436015341486500 199.721527 
436015351493500 200.215775 
436015361499500 200.683578 
436015371506500 201.136688 
436015381513500 201.640381 
436015391519500 202.252625 
436015401526500 203.009796 
436015411532500 203.912552 
436015421539500 204.846375 
436015431545500 205.623001 
436015441552500 206.196198 
436015451558500 206.740433 
436015461565500 207.372543 
436015471571500 208.111557 
436015481578500 208.990295 
436015491584500 210.080109 
436015501591500 211.473206 
436015511597500 213.239471 
436015521604500 215.285004 
436015531611500 217.315796 
436015541617500 219.013992 
436015551624500 220.288574 
436015561630500 221.393906 
436015571637500 222.631104 
436015581643500 224.133896 
436015591650500 225.920349 
436015601656500 227.916245 
436015611663500 230.046997 
436015621669500 232.248383 
436015631676500 234.521301 
436015641682500 236.932129 
436015651689500 239.447205 
436015661695500 241.893768 
436015671702500 244.131531 
436015681709500 246.165924 
436015691715500 248.088928 
436015701722500 239.393570 
436015711728500 239.023560 
436015721735500 238.727814 
436015731741500 238.466309 
436015741748500 238.191223 
436015751754500 237.897278 
436015761761500 237.596619 
436015771767500 237.307205 
436015781774500 237.033447 
436015791780500 236.741211 
436015801787500 236.404800 
436015811793500 236.028015 
436015821800500 235.612274 
436015831807500 235.174347 
436015841813500 234.745941 
436015851820500 234.355804 
436015861826500 279.776611 
436015871833500 281.195770 
436015881839500 282.633301 
436015891846500 284.026215 
436015901852500 285.279114 
436015911859500 286.349792 
436015921865500 287.254395 
436015931872500 288.058197 
436015941878500 288.870758 
436015951885500 289.724670 
436015961892500 290.597717 
436015971898500 291.436249 
436015981905500 292.191406 
436015991911500 292.849030 
436016001918500 293.386444 
436016011924500 293.796906 
436016021931500 294.099976 
436016031937500 294.323364 
436016041944500 294.483826 
436016051950500 294.614471 
436016061957500 294.740967 
436016071963500 294.833557 
436016081970500 294.856628 
436016091977500 294.764221 
436016101983500 294.529175 
436016111990500 294.190094 
436016121992625 293.837860 
436016131999625 293.524933 
436016142005625 293.236359 
436016152012625 292.925262 
436016162018625 292.502594 
436016172025625 291.902771 
436016182031625 291.137177 
436016192038625 290.259216 
436016202044625 289.339539 
436016212051625 288.416382 
436016222058625 287.514038 
436016232064625 286.677704 
436016242071625 285.846252 
436016252077625 284.898682 
436016262084625 283.756744 
436016272090625 282.394775 
436016282097625 280.852509 
436016292103625 279.223480 
436016302110625 277.638702 
436016312116625 276.153412 
436016322123625 274.721680 
436016332130625 273.302979 
436016342136625 271.879944 
436016352143625 270.416016 
436016362149625 268.857117 
436016372156625 267.166351 
436016382162625 265.335968 
436016392169625 263.397095 
436016402175625 235.733673 
436016412182625 235.740540 
436016422188625 235.766174 
436016432195625 235.828308 
436016442201625 235.938538 
436016452208625 236.099152 
436016462215625 236.327072 
436016472221625 236.618927 
436016482228625 236.957443 
436016492234625 237.321625 
436016502241625 237.682190 
436016512247625 238.024475 
436016522254625 238.355942 
436016532260625 238.686920 
436016542267625 239.012054 
436016552273625 239.297699 
436016562280625 239.521866 
436016572286625 239.700348 
436016582293625 228.827133 
436016592300625 227.009567 
436016602306625 225.212341 
436016612313625 223.574127 
436016622319625 222.125381 
436016632326625 220.860367 
436016642332625 219.750931 
436016652339625 218.746109 
436016662345625 217.812561 
436016672352625 216.899063 
436016682358625 215.944748 
436016692365625 214.988846 
436016702372625 214.117386 
436016712378625 213.382797 
436016722385625 212.763992 
436016732391625 212.192245 
436016742398625 211.623535 
436016752404625 211.035370 
436016762411625 210.379608 
436016772417625 209.627762 
436016782424625 208.789520 
436016792430625 207.948944 
436016802437625 207.219330 
436016812444625 206.657806 
436016822450625 206.235870 
436016832457625 205.905807 
436016842463625 205.638138 
436016852470625 205.407074 
436016862476625 205.169022 
436016872483625 204.883148 
436016882489625 204.579514 
436016892496625 204.347717 
436016902502625 204.263382 
436016912509625 204.368179 
436016922515625 204.647537 
436016932522625 205.046143 
436016942529625 205.528656 
436016952535625 206.056442 
436016962542625 206.611328 
436016972548625 207.204208 
436016982555625 207.824646 
436016992561625 208.473328 
436017002568625 209.214386 
436017012574625 210.094620 
436017022581625 211.151413 
436017032587625 212.396210 
436017042594625 213.801910 
436017052601625 215.346817 
436017062607625 217.005432 
436017072614625 218.713379 
436017082620625 220.385406 
436017092627625 221.942383 
436017102633625 223.349884 
436017112640625 224.608856 
436017122646750 225.791214 
436017132653750 227.066330 
436017142659750 228.439484 
436017152666750 229.904144 
436017162673750 231.450653 
436017172679750 232.997055 
436017182686750 234.486115 
436017192692750 235.858337 
436017202699750 237.074707 
436017212705750 238.149200 
436017222712750 248.281921 
436017232718750 248.371460 
436017242725750 248.408569 
436017252731750 248.408203 
436017262738750 248.389404 
436017272745750 248.357849 
436017282751750 248.324219 
436017292758750 248.310577 
436017302764750 248.325974 
436017312771750 248.361755 
436017322777750 248.403595 
436017332784750 248.425079 
436017342790750 248.398926 
436017352797750 248.309280 
436017362803750 248.161179 
436017372810750 247.991287 
436017382817750 263.218567 
436017392823750 264.932251 
436017402830750 266.326691 
436017412836750 267.538818 
436017422843750 268.699036 
436017432849750 269.907593 
436017442856750 271.240997 
436017452862750 272.670502 
436017462869750 274.159943 
436017472876750 275.518799 
436017482882750 276.623840 
436017492889750 277.467560 
436017502895750 278.082428 
436017512902750 278.611481 
436017522908750 279.119080 
436017532915750 279.624420 
436017542921750 280.165253 
436017552928750 280.723602 
436017562934750 281.307495 
436017572941750 281.904358 
436017582948750 282.435852 
436017592954750 282.889374 
436017602961750 283.313477 
436017612967750 283.774536 
436017622974750 284.302124 
436017632980750 284.875549 
436017642987750 285.459869 
436017652993750 286.035980 
436017663000750 286.599091 
436017673007750 287.135956 
436017683013750 287.654968 
436017693020750 288.118408 
436017703026750 288.503784 
436017713033750 288.834686 
436017723039750 289.121582 
436017733046750 289.338715 
436017743052750 289.461212 
436017753059750 289.500000 
436017763065750 289.516357 
436017773072750 289.561401 
436017783079750 289.597687 
436017793085750 289.550201 
436017803092750 289.361206 
436017813098750 288.986328 
436017823105750 288.381592 
436017833111750 287.556030 
436017843118750 286.566681 
436017853124750 285.521667 
436017863131750 284.520020 
436017873138750 283.604797 
436017883144750 282.768677 
436017893151750 281.899506 
436017903157750 280.876251 
436017913164750 279.619080 
436017923170750 278.111267 
436017933177750 276.393829 
436017943183750 274.654388 
436017953190750 273.139313 
436017963197750 271.965363 
436017973203750 271.073853 
436017983210750 270.281952 
436017993216750 269.403564 
436018003223750 268.287262 
436018013229750 266.859680 
436018023236750 265.108093 
436018033242750 263.130341 
436018043249750 261.202942 
436018053256750 259.615631 
436018063262750 258.448761 
436018073269750 257.573242 
436018083275750 256.753357 
436018093282750 255.811310 
436018103288750 254.635315 
436018113295750 253.191101 
436018123301875 251.511353 
436018133308875 249.710480 
436018143315875 248.022141 
436018153321875 246.678589 
436018163328875 245.675171 
436018173334875 244.815613 
436018183341875 243.905487 
436018193347875 242.853210 
436018203354875 241.587585 
436018213360875 240.110748 
436018223367875 238.499146 
436018233374875 236.883087 
436018243380875 235.515533 
436018253387875 234.574219 
436018263393875 233.968353 
436018273400875 233.482712 
436018283406875 232.911499 
436018293413875 232.200226 
436018303419875 231.374893 
436018313426875 230.501648 
436018323432875 229.671692 
436018333439875 228.985229 
436018343446875 228.556717 
436018353452875 228.460480 
436018363459875 228.678955 
436018373465875 229.121048 
436018383472875 229.664505 
436018393478875 230.190826 
436018403485875 230.583862 
436018413492875 230.829498 
436018423498875 231.056549 
436018433505875 231.417526 
436018443511875 231.996475 
436018453518875 232.830444 
436018463524875 233.904114 
436018473531875 235.147812 
436018483537875 236.446838 
436018493544875 237.655457 
436018503551875 238.633362 
436018513557875 239.419006 
436018523564875 240.115356 
436018533570875 240.828613 
436018543577875 241.637878 
436018553583875 242.567368 
436018563590875 243.652557 
436018573596875 244.856644 
436018583603875 246.138519 
436018593610875 247.446503 
436018603616875 248.675964 
436018613623875 249.741302 
436018623629875 250.596893 
436018633636875 251.301758 
436018643642875 251.932846 
436018653649875 252.505066 
436018663655875 253.023193 
436018673662875 253.492371 
436018683669875 253.949829 
436018693675875 254.443893 
436018703682875 254.958221 
436018713688875 255.425018 
436018723695875 255.745392 
436018733701875 255.848450 
436018743708875 255.706818 
436018753714875 255.377838 
436018763721875 254.948792 
436018773728875 254.451981 
436018783734875 253.916870 
436018793741875 253.384506 
436018803747875 252.904602 
436018813754875 252.516907 
436018823760875 252.229599 
436018833767875 252.006836 
436018843773875 251.798676 
436018853780875 251.588226 
436018863787875 251.373566 
436018873793875 251.149399 
436018883800875 250.906876 
436018893806875 250.648041 
436018903813875 250.379791 
436018913819875 250.121918 
436018923826875 249.895355 
436018933833875 249.701660 
436018943839875 249.542099 
436018953846875 249.401474 
436018963852875 249.261978 
436018973859875 249.123901 
436018983865875 248.980942 
436018993872875 248.836853 
436019003878875 248.703461 
436019013885875 248.591797 
436019023892875 248.488800 
436019033898875 248.381165 
436019043905875 248.265808 
436019053911875 248.141830 
436019063918875 248.017624 
436019073924875 247.895523 
436019083931875 247.785004 
436019093938875 247.704514 
436019103944875 247.661163 
436019113951875 247.640167 
436019123958250 247.615067 
436019133965250 247.592041 
436019143971250 247.607880 
436019153978250 247.654388 
436019163984250 247.715485 
436019173991250 247.776428 
436019183998250 247.826706 
436019194004250 247.860443 
436019204011250 247.860046 
436019214017250 247.824295 
436019224024250 247.784058 
436019234030250 247.745697 
436019244037250 247.715744 
436019254044250 247.691208 
436019264050250 247.672821 
436019274057250 247.648682 
436019284063250 247.610321 
436019294070250 247.563751 
436019304076250 247.529755 
436019314083250 247.507126 
436019324089250 247.489380 
436019334096250 247.479706 
436019344103250 247.474731 
436019354109250 247.475342 
436019364116250 247.483047 
436019374122250 247.499054 
436019384129250 247.522903 
436019394135250 247.542145 
436019404142250 247.547516 
436019414149250 247.540375 
436019424155250 247.534119 
436019434162250 247.534821 
436019444168250 247.543640 
436019454175250 247.556442 
436019464181250 247.561432 
436019474188250 247.548416 
436019484194250 247.530701 
436019494201250 247.523575 
436019504208250 247.517456 
436019514214250 247.499344 
436019524221250 247.473267 
436019534227250 247.451477 
436019544234250 247.437714 
436019554240250 247.426941 
436019564247250 247.424332 
436019574254250 247.423889 
436019584260250 247.410889 
436019594267250 247.380554 
436019604273250 247.338638 
436019614280250 247.301300 
436019624286250 247.274475 
436019634293250 247.263489 
436019644300250 247.262939 
436019654306250 247.253464 
436019664313250 247.230469 
436019674319250 247.201233 
436019684326250 247.170639 
436019694332250 247.148956 
436019704339250 247.136765 
436019714345250 247.126648 
436019724352250 247.114563 
436019734359250 247.103424 
436019744365250 247.094788 
436019754372250 247.087921 
436019764378250 247.091278 
436019774385250 247.110229 
436019784391250 247.145279 
436019794398250 247.187378 
436019804405250 247.226639 
436019814411250 247.252411 
436019824418250 247.255066 
436019834424250 247.231079 
436019844431250 247.165649 
436019854437250 247.077515 
436019864444250 246.998566 
436019874451250 246.943924 
436019884457250 246.917816 
436019894464250 246.920746 
436019904470250 246.932144 
436019914477250 246.923157 
436019924483250 246.885849 
436019934490250 246.825226 
436019944497250 246.757141 
436019954503250 246.699417 
436019964510250 246.654968 
436019974516250 246.621597 
436019984523250 246.603119 
436019994529250 246.595749 
436020004536250 246.586761 
436020014543250 246.560455 
436020024549250 246.520081 
436020034556250 246.478180 
436020044562250 246.441849 
436020054569250 246.419998 
436020064575250 246.415268 
436020074582250 246.423279 
436020084589250 246.438782 
436020094595250 246.449997 
436020104602250 246.441086 
436020114608250 246.411942 
436020124615000 246.380875 
436020134621000 246.361023 
436020144628000 246.355408 
436020154635000 246.360367 
436020164641000 246.368866 
436020174648000 246.376129 
436020184654000 246.381226 
436020194661000 246.377228 
436020204667000 246.366196 
436020214674000 246.357941 
436020224681000 246.367432 
436020234687000 246.392883 
436020244694000 246.421173 
436020254700000 246.440628 
436020264707000 246.453720 
436020274713000 246.467041 
436020284720000 246.483597 
436020294727000 246.510208 
436020304733000 246.543213 
436020314740000 246.568756 
436020324746000 246.580353 
436020334753000 246.579224 
436020344759000 246.564575 
436020354766000 246.538300 
436020364773000 246.514282 
436020374779000 246.491486 
436020384786000 246.467361 
436020394792000 246.450256 
436020404799000 246.444427 
436020414805000 246.441605 
436020424812000 246.439056 
436020434819000 246.433655 
436020444825000 246.423462 
436020454832000 246.406250 
436020464838000 246.381958 
436020474845000 246.354691 
436020484851000 246.332672 
436020494858000 246.321503 
436020504865000 246.308014 
436020514871000 246.291214 
436020524878000 246.275574 
436020534884000 246.267319 
436020544891000 246.268539 
436020554897000 246.267685 
436020564904000 246.260086 
436020574911000 246.243683 
436020584917000 246.214600 
436020594924000 246.180145 
436020604930000 246.149979 
436020614937000 246.129150 
436020624944000 246.121201 
436020634950000 246.128143 
436020644957000 246.145569 
436020654963000 246.164841 
436020664970000 246.169662 
436020674976000 246.162201 
436020684983000 246.147491 
436020694990000 246.132858 
436020704996000 246.125763 
436020715003000 246.126572 
436020725009000 246.130066 
436020735016000 246.131760 
436020745022000 246.120392 
436020755029000 246.102493 
436020765036000 246.085358 
436020775042000 246.065857 
436020785049000 246.041321 
436020795055000 246.014206 
436020805062000 245.987991 
436020815068000 245.962250 
436020825075000 245.946838 
436020835082000 245.938354 
436020845088000 245.931198 
436020855095000 245.924576 
436020865101000 245.915405 
436020875108000 245.903809 
436020885115000 245.894684 
436020895121000 245.887177 
436020905128000 245.877701 
436020915134000 245.863739 
436020925141000 245.837357 
436020935147000 245.771210 
436020945154000 245.658783 
436020955161000 245.545959 
436020965167000 245.447845 
436020975174000 245.376068 
436020985180000 245.339691 
436020995187000 245.323700 
436021005194000 245.315735 
436021015200000 245.314545 
436021025207000 245.309784 
436021035213000 245.292358 
436021045220000 245.263489 
436021055226000 245.230728 
436021065233000 245.196136 
436021075240000 245.166962 
436021085246000 245.151794 
436021095253000 245.145370 
436021105259000 245.132660 
436021115266000 245.104034 
436021125273167 245.067398 
436021135279167 245.037903 
436021145286167 245.019394 
436021155292167 245.008530 
436021165299167 244.996765 
436021175305167 244.979568 
436021185312167 244.961548 
436021195319167 244.948593 
436021205325167 244.948212 
436021215332167 244.965424 
436021225338167 244.995453 
436021235345167 245.034760 
436021245352167 245.074249 
436021255358167 245.109802 
436021265365167 245.143005 
436021275371167 245.174561 
436021285378167 245.208862 
436021295384167 245.241882 
436021305391167 245.269485 
436021315398167 245.288300 
436021325404167 245.296448 
436021335411167 245.291626 
436021345417167 245.280518 
436021355424167 245.274582 
436021365430167 245.277527 
436021375437167 245.284760 
436021385444167 245.288498 
436021395450167 245.281357 
436021405457167 245.262833 
436021415463167 245.240311 
436021425470167 245.218414 
436021435477167 245.198181 
436021445483167 245.185898 
436021455490167 245.183395 
436021465496167 245.192139 
436021475503167 245.214081 
436021485510167 245.247208 
436021495516167 245.287811 
436021505523167 245.334564 
436021515529167 245.380569 
436021525536167 245.419510 
436021535542167 245.446625 
436021545549167 245.463135 
436021555556167 245.469513 
436021565562167 245.464233 
436021575569167 245.448792 
436021585575167 245.431564 
436021595582167 245.418915 
436021605589167 245.415314 
436021615595167 245.419067 
436021625602167 245.421051 
436021635608167 245.420380 
436021645615167 245.413345 
436021655622167 245.398468 
436021665628167 245.377716 
436021675635167 245.358368 
436021685641167 245.348099 
436021695648167 245.348907 
436021705655167 245.356567 
436021715661167 245.360687 
436021725668167 245.354660 
436021735674167 245.338043 
436021745681167 245.311371 
436021755687167 245.283829 
436021765694167 245.268448 
436021775701167 245.265869 
436021785707167 245.275772 
436021795714167 245.296204 
436021805720167 245.324112 
436021815727167 245.351959 
436021825734167 245.378479 
436021835740167 245.406250 
436021845747167 245.433746 
436021855753167 245.407898 
436021865760167 245.382111 
436021875767167 245.359177 
436021885773167 245.347473 
436021895780167 245.348022 
436021905786167 245.358490 
436021915793167 245.371094 
436021925800167 245.382706 
436021935806167 245.390778 
436021945813167 245.399078 
436021955819167 245.405365 
436021965826167 245.409637 
436021975833167 245.409058 
436021985839167 245.404984 
436021995846167 245.397064 
436022005852167 245.383667 
436022015859167 245.371338 
436022025865167 245.362961 
436022035872167 245.362885 
436022045879167 245.370789 
436022055885167 245.386307 
436022065892167 245.409607 
436022075898167 245.439926 
436022085905167 245.474792 
436022095912167 245.511581 
436022105918167 245.547241 
436022115925167 245.578186 
436022125935167 245.605042 
436022135942167 245.626617 
436022145949167 245.638214 
436022155955167 245.641235 
436022165962167 245.637894 
436022175968167 245.630905 
436022185975167 245.620483 
436022195982167 245.611084 
436022205988167 245.604736 
436022215995167 245.604675 
436022226001167 245.614151 
436022236008167 245.630554 
436022246015167 245.652863 
436022256021167 245.682663 
436022266028167 245.719025 
436022276034167 245.763641 
436022286041167 245.819122 
436022296048167 245.885223 
436022306054167 245.953033 
436022316061167 246.021179 
436022326067167 246.084549 
436022336074167 246.137451 
436022346081167 246.176331 
436022356087167 246.199982 
436022366094167 246.203735 
436022376100167 246.189926 
436022386107167 246.161133 
436022396114167 246.118332 
436022406120167 246.068024 
436022416127167 246.011398 
436022426133167 245.951355 
436022436140167 245.889923 
436022446147167 245.829880 
436022456153167 245.776215 
436022466160167 245.727692 
436022476166167 245.683716 
436022486173167 245.642593 
436022496180167 245.600708 
436022506186167 245.561188 
436022516193167 245.526581 
436022526199167 245.495514 
436022536206167 245.469025 
436022546213167 245.446732 
436022556219167 245.430023 
436022566226167 245.411530 
436022576232167 245.380890 
436022586239167 245.343964 
436022596246167 245.311554 
436022606252167 245.288406 
436022616259167 245.271515 
436022626265167 245.255127 
436022636272167 245.236237 
436022646279167 245.210968 
436022656285167 245.175568 
436022666292167 245.130920 
436022676298167 245.081818 
436022686305167 245.020950 
436022696312167 244.941040 
436022706318167 244.798248 
436022716325167 244.571854 
436022726331167 244.251099 
436022736338167 243.861847 
436022746345167 243.450058 
436022756351167 243.040619 
436022766358167 242.647858 
436022776364167 242.268402 
436022786371167 241.891846 
436022796378167 241.511688 
436022806384167 241.078262 
436022816391167 240.550629 
436022826397167 239.912292 
436022836404167 239.164352 
436022846411167 238.333923 
436022856417167 237.447449 
436022866424167 236.536957 
436022876430167 235.640442 
436022886437167 234.768127 
436022896444167 233.902603 
436022906450167 233.008438 
436022916457167 232.064651 
436022926463167 231.040588 
436022936470167 229.927856 
436022946477167 228.767670 
436022956483167 227.597321 
436022966490167 246.532074 
436022976497167 246.660553 
436022986503167 246.679092 
436022996510167 246.647964 
436023006516167 246.666809 
436023016523167 246.746231 
436023026530167 246.855896 
436023036536167 246.982697 
436023046543167 247.086456 
436023056549167 216.814163 
436023066556167 215.825500 
436023076563167 214.857849 
436023086569167 213.891968 
436023096576167 212.905792 
436023106582167 211.888031 
436023116589167 210.842484 
436023126595917 209.785614 
436023136601917 208.753662 
436023146608917 207.771683 
436023156614917 206.850403 
436023166621917 205.963379 
436023176628917 205.069550 
436023186634917 204.140137 
436023196641917 203.161636 
436023206647917 202.143616 
436023216654917 201.129211 
436023226661917 200.165192 
436023236667917 199.287308 
436023246674917 198.496506 
436023256681917 197.763763 
436023266687917 197.057236 
436023276694917 196.354034 
436023286700917 195.655518 
436023296707917 194.965988 
436023306714917 194.315079 
436023316720917 193.706482 
436023326727917 193.127228 
436023336733917 192.550552 
436023346740917 191.966232 
436023356747917 191.397827 
436023366753917 190.861771 
436023376760917 190.380234 
436023386766917 189.965027 
436023396773917 189.603134 
436023406780917 189.275543 
436023416786917 188.992538 
436023426793917 188.764008 
436023436800917 188.597610 
436023446806917 188.519165 
436023456813917 188.545639 
436023466819917 188.687683 
436023476826917 188.942780 
436023486833917 189.283539 
436023496839917 189.665970 
436023506846917 190.060989 
436023516853917 190.457733 
436023526859917 190.876572 
436023536866917 191.361511 
436023546872917 191.944839 
436023556879917 192.643982 
436023566886917 193.440140 
436023576892917 194.283264 
436023586899917 195.131866 
436023596905917 195.949982 
436023606912917 196.711288 
436023616919917 197.427277 
436023626925917 198.106827 
436023636932917 198.769272 
436023646939917 199.449005 
436023656945917 200.177567 
436023666952917 200.969894 
436023676958917 201.825089 
436023686965917 202.723633 
436023696972917 243.914948 
436023706978917 243.734497 
436023716985917 243.592712 
436023726991917 243.537506 
436023736998917 243.534454 
436023747005917 243.583450 
436023757011917 243.657501 
436023767018917 243.681213 
436023777025917 243.627716 
436023787031917 243.518463 
436023797038917 243.393951 
436023807044917 243.326736 
436023817051917 243.378387 
436023827058917 243.500031 
436023837064917 243.606934 
436023847071917 243.641876 
436023857077917 243.611526 
436023867084917 243.549026 
436023877091917 243.488068 
436023887097917 243.469666 
436023897104917 243.507965 
436023907111917 243.626221 
436023917117917 243.783752 
436023927124917 243.886581 
436023937130917 243.911865 
436023947137917 243.929291 
436023957144917 243.992676 
436023967150917 244.097900 
436023977157917 244.210999 
436023987164917 244.310883 
436023997170917 244.386871 
436024007177917 244.427094 
436024017183917 244.461502 
436024027190917 244.483215 
436024037197917 244.530670 
436024047203917 244.617844 
436024057210917 244.703049 
436024067217917 244.756836 
436024077223917 244.789062 
436024087230917 244.809753 
436024097236917 244.807770 
436024107243917 244.799713 
436024117250917 244.843750 
436024127260042 244.950684 
436024137267042 245.112183 
436024147274042 245.289490 
436024157280042 245.417267 
436024167287042 245.472931 
436024177293042 245.439941 
436024187300042 245.304031 
436024197307042 245.127060 
436024207313042 244.972260 
436024217320042 244.875259 
436024227326042 244.843750 
436024237333042 244.862778 
436024247340042 244.884338 
436024257346042 244.879318 
436024267353042 244.841766 
436024277360042 244.766571 
436024287366042 244.638596 
436024297373042 274.238220 
436024307380042 274.946655 
436024317386042 275.609039 
436024327393042 276.227539 
436024337399042 276.822571 
436024347406042 277.399292 
436024357413042 277.971619 
436024367419042 278.557465 
436024377426042 279.170471 
436024387432042 279.796021 
436024397439042 280.400330 
436024407446042 280.958557 
436024417452042 281.421570 
436024427459042 281.721924 
436024437466042 281.807068 
436024447472042 281.673828 
436024457479042 281.336456 
436024467486042 280.831757 
436024477492042 280.211761 
436024487499042 279.490479 
436024497505042 278.651825 
436024507512042 277.671875 
436024517519042 276.552185 
436024527525042 275.319946 
436024537532042 274.015869 
436024547539042 272.653625 
436024557545042 271.263855 
436024567552042 269.852722 
436024577558042 268.462036 
436024587565042 267.100769 
436024597572042 265.727722 
436024607578042 264.296478 
436024617585042 262.772583 
436024627592042 261.151764 
436024637598042 245.388046 
436024647605042 245.043762 
436024657611042 244.594879 
436024667618042 244.092804 
436024677625042 243.568451 
436024687631042 243.058258 
436024697638042 242.577255 
436024707645042 242.185028 
436024717651042 241.958084 
436024727658042 241.948822 
436024737665042 242.175140 
436024747671042 242.569687 
436024757678042 243.007721 
436024767684042 243.383911 
436024777691042 243.695480 
436024787698042 244.011719 
436024797704042 244.382568 
436024807711042 244.827637 
436024817718042 245.318542 
436024827724042 245.789856 
436024837731042 246.147949 
436024847738042 246.320877 
436024857744042 246.291229 
436024867751042 246.118317 
436024877757042 245.904648 
436024887764042 245.725479 
436024897771042 245.639404 
436024907777042 245.654297 
436024917784042 245.737457 
436024927791042 245.846405 
436024937797042 245.892395 
436024947804042 245.764343 
436024957810042 245.369415 
436024967817042 244.742920 
436024977824042 244.012680 
436024987830042 243.290802 
436024997837042 242.672150 
436025007844042 242.238922 
436025017850042 242.046646 
436025027857042 242.053711 
436025037864042 242.120697 
436025047870042 242.109222 
436025057877042 241.932175 
436025067883042 241.587341 
436025077890042 241.116302 
436025087897042 240.602692 
436025097903042 240.130829 
436025107910042 239.759766 
436025117917042 239.543503 
436025127916042 239.458633 
436025137923042 239.408600 
436025147930042 239.315491 
436025157936042 239.129028 
436025167943042 238.841797 
436025177950042 238.493103 
436025187956042 238.133514 
436025197963042 237.838043 
436025207969042 237.626877 
436025217976042 237.454956 
436025227983042 237.296814 
436025237989042 237.153366 
436025247996042 237.032883 
436025258003042 236.946487 
436025268009042 236.913284 
436025278016042 236.934814 
436025288023042 237.003174 
436025298029042 237.145691 
436025308036042 237.386566 
436025318043042 237.713333 
436025328049042 238.083588 
436025338056042 238.445587 
436025348062042 238.767273 
436025358069042 239.062973 
436025368076042 239.339691 
436025378082042 239.569458 
436025388089042 239.716949 
436025398096042 239.803009 
436025408102042 239.903946 
436025418109042 240.088379 
436025428116042 240.378296 
436025438122042 240.768738 
436025448129042 241.226074 
436025458136042 241.705688 
436025468142042 242.164276 
436025478149042 242.532425 
436025488155042 242.770081 
436025498162042 242.897491 
436025508169042 242.957291 
436025518175042 242.974884 
436025528182042 242.978729 
436025538189042 243.049408 
436025548195042 243.194611 
436025558202042 243.313705 
436025568209042 243.297501 
436025578215042 243.110352 
436025588222042 242.827637 
436025598229042 242.562592 
436025608235042 242.340714 
436025618242042 242.167633 
436025628249042 242.029831 
436025638255042 241.892883 
436025648262042 241.760941 
436025658269042 241.642487 
436025668275042 241.535202 
436025678282042 241.443832 
436025688288042 241.353180 
436025698295042 241.239563 
436025708302042 241.106110 
436025718308042 240.958008 
436025728315042 240.814041 
436025738322042 240.685028 
436025748328042 240.581390 
436025758335042 240.503296 
436025768342042 240.459366 
436025778348042 240.470078 
436025788355042 240.510132 
436025798362042 240.504425 
436025808368042 240.389709 
436025818375042 240.166321 
436025828382042 239.909546 
436025838388042 239.705414 
436025848395042 239.614090 
436025858401042 239.666718 
436025868408042 239.874390 
436025878415042 240.195374 
436025888421042 245.421875 
436025898428042 246.759460 
436025908435042 248.002899 
436025918441042 249.213287 
436025928448042 250.459579 
436025938455042 251.788269 
436025948461042 253.210388 
436025958468042 254.704803 
436025968475042 256.252747 
436025978481042 257.803467 
436025988488042 259.311829 
436025998495042 260.760956 
436026008501042 262.137634 
436026018508042 263.455200 
436026028515042 264.740387 
436026038521042 266.008789 
436026048528042 267.295990 
436026058535042 268.608185 
436026068541042 269.944366 
436026078548042 271.294403 
436026088555042 272.581848 
436026098561042 273.709595 
436026108568042 274.622101 
436026118574042 275.345520 
436026128580917 275.927704 
436026138587917 276.441803 
436026148593917 276.929535 
436026158600917 277.444458 
436026168607917 277.986267 
436026178613917 278.474884 
436026188620917 278.823181 
436026198627917 279.010498 
436026208633917 279.021667 
436026218640917 278.873535 
436026228647917 278.589844 
436026238653917 278.203491 
436026248660917 277.739990 
436026258667917 277.217773 
436026268673917 276.635620 
436026278680917 275.981750 
436026288687917 275.228882 
436026298693917 274.363831 
436026308700917 273.391327 
436026318707917 272.300873 
436026328713917 271.065552 
436026338720917 269.705566 
436026348727917 268.311279 
436026358733917 266.959412 
436026368740917 265.665344 
436026378747917 264.423035 
436026388753917 263.212189 
436026398760917 262.009521 
436026408767917 260.794434 
436026418773917 259.525757 
436026428780917 258.143341 
436026438787917 256.637299 
436026448793917 255.039536 
436026458800917 253.423889 
436026468807917 251.883209 
436026478813917 250.493347 
436026488820917 249.283875 
436026498827917 248.212158 
436026508833917 247.194901 
436026518840917 246.180481 
436026528846917 245.097061 
436026538853917 243.903839 
436026548860917 242.572205 
436026558867917 241.142578 
436026568873917 239.701172 
436026578880917 238.351868 
436026588886917 237.151505 
436026598893917 236.081146 
436026608900917 235.089844 
436026618906917 234.107574 
436026628913917 233.100510 
436026638920917 232.052948 
436026648926917 230.930344 
436026658933917 229.713150 
436026668940917 228.421616 
436026678946917 227.088043 
436026688953917 225.752747 
436026698960917 224.442688 
436026708966917 244.473785 
436026718973917 244.198364 
436026728980917 244.050308 
436026738986917 219.255142 
436026748993917 217.868774 
436026759000917 216.447754 
436026769006917 214.991959 
436026779013917 213.509766 
436026789020917 242.091003 
436026799026917 241.573639 
436026809033917 241.138062 
436026819040917 207.591034 
436026829046917 206.057663 
436026839053917 204.527084 
436026849060917 203.008041 
436026859066917 201.497391 
436026869073917 199.991043 
436026879080917 198.486679 
436026889086917 197.014008 
436026899093917 195.598740 
436026909100917 194.253540 
436026919106917 193.010422 
436026929113917 191.891342 
436026939120917 190.882248 
436026949126917 189.957397 
436026959133917 189.083618 
436026969140917 188.269196 
436026979146917 187.563873 
436026989153917 187.005051 
436026999160917 186.600479 
436027009166917 186.329453 
436027019173917 186.164795 
436027029180917 186.105148 
436027039186917 186.158539 
436027049193917 186.320587 
436027059200917 186.593063 
436027069207917 186.983917 
436027079213917 187.495010 
436027089220917 188.108063 
436027099226917 188.792343 
436027109233917 189.520523 
436027119240917 190.288132 
436027129248292 191.100159 
436027139254292 191.991440 
436027149261292 193.007339 
436027159268292 194.168304 
436027169274292 195.499161 
436027179281292 196.974136 
436027189288292 198.527191 
436027199294292 200.119415 
436027209301292 201.700317 
436027219308292 203.214310 
436027229314292 204.609909 
436027239321292 205.884857 
436027249328292 207.086060 
436027259334292 208.281189 
436027269341292 209.525284 
436027279348292 210.827545 
436027289354292 212.181473 
436027299361292 213.566818 
436027309368292 214.965576 
436027319374292 216.386536 
436027329381292 217.848633 
436027339388292 219.346100 
436027349394292 220.819916 
436027359401292 222.204590 
436027369408292 223.479691 
436027379414292 224.670319 
436027389421292 225.829819 
436027399428292 226.988586 
436027409434292 228.177658 
436027419441292 229.443985 
436027429448292 230.798416 
436027439454292 232.223083 
436027449461292 233.686188 
436027459468292 235.124329 
436027469474292 236.510300 
436027479481292 237.829117 
436027489488292 239.070969 
436027499494292 240.255661 
436027509501292 241.416321 
436027519508292 242.608841 
436027529514292 243.882904 
436027539521292 245.251953 
436027549528292 246.700562 
436027559534292 248.169495 
436027569541292 249.567535 
436027579548292 250.806793 
436027589555292 251.876999 
436027599561292 252.832947 
436027609568292 253.772980 
436027619575292 254.779037 
436027629581292 255.892639 
436027639588292 257.107727 
436027649595292 258.403229 
436027659601292 259.740204 
436027669608292 261.087891 
436027679615292 262.406708 
436027689621292 263.655365 
436027699628292 264.831268 
436027709635292 265.931000 
436027719641292 266.936462 
436027729648292 267.870117 
436027739655292 268.786682 
436027749661292 269.772888 
436027759668292 270.912140 
436027769675292 272.198578 
436027779681292 273.561859 
436027789688292 274.912415 
436027799695292 276.136841 
436027809701292 277.073334 
436027819708292 277.690735 
436027829715292 278.026672 
436027839721292 278.118103 
436027849728292 278.012054 
436027859735292 277.773041 
436027869741292 277.456940 
436027879748292 277.091461 
436027889755292 276.665771 
436027899762292 276.118042 
436027909768292 275.385040 
436027919775292 274.438416 
436027929782292 273.278656 
436027939788292 271.937256 
436027949795292 270.485413 
436027959802292 268.988983 
436027969808292 267.444489 
436027979815292 265.869995 
436027989822292 264.292145 
436027999828292 262.706604 
436028009835292 261.046387 
436028019842292 259.245941 
436028029848292 257.277222 
436028039855292 255.165741 
436028049862292 252.983795 
436028059868292 250.792206 
436028069875292 248.632812 
436028079882292 246.529434 
436028089888292 244.525726 
436028099895292 242.644257 
436028109902292 240.912827 
436028119909292 239.355255 
436028129915250 237.937958 
436028139922250 236.586487 
436028149929250 235.246735 
436028159935250 233.897705 
436028169942250 232.500244 
436028179949250 231.051376 
436028189955250 229.565887 
436028199962250 228.078201 
436028209969250 243.977875 
436028219975250 244.002045 
436028229982250 244.049973 
436028239989250 244.041321 
436028249995250 243.956085 
436028260002250 243.849884 
436028270009250 243.757034 
436028280015250 243.681488 
436028290022250 243.602478 
436028300029250 243.490372 
436028310036250 243.342529 
436028320042250 243.207794 
436028330049250 243.120209 
436028340056250 243.074951 
436028350062250 243.069092 
436028360069250 243.068726 
436028370076250 243.021271 
436028380082250 242.913467 
436028390089250 242.776062 
436028400096250 242.654144 
436028410102250 242.547363 
436028420109250 242.462540 
436028430116250 242.380371 
436028440122250 242.268188 
436028450129250 242.154877 
436028460136250 242.048355 
436028470142250 241.974213 
436028480149250 241.893951 
436028490156250 241.743698 
436028500163250 241.512375 
436028510169250 241.173721 
436028520176250 240.710724 
436028530183250 240.129639 
436028540189250 239.434448 
436028550196250 238.681366 
436028560203250 238.000305 
436028570209250 237.495514 
436028580216250 237.191666 
436028590223250 237.056030 
436028600229250 237.022858 
436028610236250 237.060822 
436028620243250 237.170837 
436028630249250 237.319641 
436028640256250 237.452820 
436028650263250 237.529312 
436028660270250 237.549149 
436028670276250 237.565414 
436028680283250 237.635101 
436028690290250 237.780945 
436028700296250 237.994476 
436028710303250 238.276062 
436028720310250 238.614777 
436028730316250 238.973511 
436028740323250 239.324692 
436028750330250 239.673859 
436028760336250 240.027496 
436028770343250 240.398499 
436028780350250 240.797760 
436028790357250 241.250137 
436028800363250 241.781693 
436028810370250 193.099655 
436028820377250 194.018570 
436028830383250 194.834534 
436028840390250 195.591614 
436028850397250 196.350616 
436028860403250 197.147781 
436028870410250 197.988892 
436028880417250 198.855499 
436028890423250 199.746460 
436028900430250 200.667542 
436028910437250 201.606232 
436028920444250 202.546295 
436028930450250 203.449570 
436028940457250 204.311630 
436028950464250 205.159729 
436028960470250 206.023697 
436028970477250 206.951706 
436028980484250 208.009293 
436028990490250 209.256012 
436029000497250 210.666870 
436029010504250 212.094025 
436029020510250 213.402206 
436029030517250 214.554764 
436029040524250 215.613556 
436029050531250 216.659317 
436029060537250 217.757538 
436029070544250 218.959122 
436029080551250 220.268356 
436029090557250 221.612564 
436029100564250 222.922882 
436029110571250 224.135361 
436029120577250 225.208176 
436029130583875 226.181900 
436029140590875 227.106354 
436029150596875 228.035767 
436029160603875 229.046402 
436029170610875 230.207870 
436029180617875 231.588074 
436029190623875 233.201935 
436029200630875 234.982773 
436029210637875 236.785614 
436029220643875 238.437057 
436029230650875 239.850861 
436029240657875 241.033661 
436029250663875 242.066467 
436029260670875 243.055542 
436029270677875 244.082092 
436029280684875 245.204224 
436029290690875 246.472321 
436029300697875 247.885376 
436029310704875 249.351624 
436029320710875 250.700073 
436029330717875 251.795700 
436029340724875 252.644211 
436029350730875 253.337128 
436029360737875 253.996643 
436029370744875 254.739227 
436029380750875 255.648849 
436029390757875 256.780518 
436029400764875 258.159302 
436029410771875 259.757874 
436029420777875 261.468781 
436029430784875 263.096680 
436029440791875 264.447205 
436029450797875 265.478119 
436029460804875 266.290619 
436029470811875 266.989380 
436029480817875 267.628540 
436029490824875 268.253235 
436029500831875 268.887177 
436029510838875 269.496155 
436029520844875 270.004822 
436029530851875 270.316406 
436029540858875 270.390930 
436029550864875 270.234772 
436029560871875 269.899536 
436029570878875 269.463135 
436029580884875 268.970367 
436029590891875 268.452118 
436029600898875 267.953888 
436029610904875 267.465485 
436029620911875 266.920746 
436029630918875 266.231445 
436029640925875 265.317169 
436029650931875 264.146667 
436029660938875 262.753784 
436029670945875 261.221222 
436029680951875 259.645996 
436029690958875 258.066803 
436029700965875 256.498505 
436029710971875 255.003204 
436029720978875 253.574158 
436029730985875 252.165482 
436029740992875 250.672455 
436029750998875 248.957825 
436029761005875 246.962585 
436029771012875 244.745926 
436029781018875 242.447571 
436029791025875 240.231537 
436029801032875 241.193436 
436029811039875 241.576782 
436029821045875 242.179993 
436029831052875 242.947693 
436029841059875 243.762695 
436029851065875 244.507629 
436029861072875 245.025269 
436029871079875 245.268890 
436029881085875 245.264252 
436029891092875 245.071243 
436029901099875 244.834290 
436029911106875 244.719696 
436029921112875 244.838989 
436029931119875 245.158005 
436029941126875 245.567108 
436029951132875 245.926483 
436029961139875 246.099609 
436029971146875 246.081757 
436029981152875 245.985413 
436029991159875 245.957184 
436030001166875 246.116821 
436030011173875 246.478699 
436030021179875 246.984192 
436030031186875 247.511353 
436030041193875 247.950378 
436030051199875 248.277527 
436030061206875 248.519516 
436030071213875 248.674835 
436030081219875 248.775345 
436030091226875 248.912872 
436030101233875 249.181641 
436030111240875 249.571213 
436030121246875 249.996704 
436030131254000 250.401611 
436030141261000 201.066711 
436030151267000 201.605011 
436030161274000 250.815491 
436030171281000 250.437286 
436030181288000 249.897064 
436030191294000 249.331512 
436030201301000 248.866379 
436030211308000 248.557419 
436030221314000 248.387421 
436030231321000 248.289078 
436030241328000 248.157410 
436030251334000 247.914185 
436030261341000 247.521820 
436030271348000 246.958282 
436030281355000 246.252808 
436030291361000 245.482407 
436030301368000 244.732346 
436030311375000 244.076431 
436030321381000 243.609650 
436030331388000 243.323868 
436030341395000 243.126892 
436030351402000 242.893677 
436030361408000 226.942780 
436030371415000 228.427780 
436030381422000 229.898209 
436030391428000 231.311966 
436030401435000 232.526398 
436030411442000 233.432190 
436030421448000 234.023590 
436030431455000 234.369339 
436030441462000 234.559143 
436030451469000 234.675934 
436030461475000 238.552002 
436030471482000 238.098877 
436030481489000 237.730194 
436030491495000 237.475037 
436030501502000 237.354126 
436030511509000 237.383499 
436030521516000 237.510193 
436030531522000 237.654388 
436030541529000 237.777405 
436030551536000 237.848602 
436030561542000 237.872498 
436030571549000 237.859283 
436030581556000 237.814346 
436030591563000 237.750717 
436030601569000 237.707764 
436030611576000 237.724152 
436030621583000 237.797012 
436030631589000 237.905396 
436030641596000 238.016602 
436030651603000 238.109634 
436030661610000 238.174576 
436030671616000 238.223083 
436030681623000 238.276245 
436030691630000 238.355438 
436030701636000 238.468689 
436030711643000 238.608688 
436030721650000 238.768341 
436030731656000 238.942322 
436030741663000 239.129547 
436030751670000 239.301865 
436030761677000 239.442139 
436030771683000 239.555939 
436030781690000 239.663254 
436030791697000 239.798920 
436030801703000 239.969727 
436030811710000 240.160904 
436030821717000 240.343582 
436030831724000 240.505066 
436030841730000 240.654144 
436030851737000 240.802673 
436030861744000 240.951050 
436030871750000 241.102325 
436030881757000 241.272049 
436030891764000 241.468063 
436030901771000 241.682037 
436030911777000 241.893723 
436030921784000 242.082977 
436030931791000 242.233063 
436030941797000 242.353516 
436030951804000 242.456055 
436030961811000 242.545822 
436030971818000 242.637253 
436030981824000 242.733978 
436030991831000 242.827087 
436031001838000 242.905182 
436031011844000 242.967224 
436031021851000 243.011505 
436031031858000 243.045227 
436031041865000 243.060562 
436031051871000 243.037018 
436031061878000 242.977417 
436031071885000 242.897171 
436031081891000 242.830795 
436031091898000 242.810043 
436031101905000 242.826965 
436031111912000 242.857971 
436031121918000 242.877441 
436031131924500 242.869888 
436031141931500 242.841721 
436031151937500 242.803711 
436031161944500 242.787720 
436031171951500 242.803955 
436031181958500 242.855499 
436031191964500 242.938324 
436031201971500 243.023041 
436031211978500 243.075104 
436031221984500 243.091797 
436031231991500 243.083893 
436031241998500 243.053436 
436031252005500 243.027283 
436031262011500 243.019379 
436031272018500 243.039368 
436031282025500 243.082443 
436031292031500 243.122803 
436031302038500 243.145172 
436031312045500 243.153900 
436031322052500 243.167984 
436031332058500 243.197968 
436031342065500 243.238464 
436031352072500 243.276230 
436031362078500 243.294998 
436031372085500 243.287445 
436031382092500 243.254715 
436031392099500 243.223938 
436031402105500 243.208618 
436031412112500 243.213898 
436031422119500 243.240280 
436031432125500 243.267136 
436031442132500 243.281097 
436031452139500 243.267288 
436031462146500 243.214630 
436031472152500 243.132431 
436031482159500 243.045990 
436031492166500 242.987564 
436031502172500 242.968201 
436031512179500 242.979156 
436031522186500 243.012283 
436031532193500 243.068100 
436031542199500 243.141815 
436031552206500 243.218140 
436031562213500 243.275146 
436031572219500 243.314850 
436031582226500 243.347946 
436031592233500 243.399490 
436031602240500 243.468109 
436031612246500 243.549606 
436031622253500 243.637787 
436031632260500 243.723801 
436031642267500 243.814285 
436031652273500 243.893677 
436031662280500 243.955444 
436031672287500 244.007706 
436031682293500 244.040894 
436031692300500 244.064697 
436031702307500 244.077881 
436031712314500 244.078949 
436031722320500 244.086212 
436031732327500 244.112305 
436031742334500 244.154205 
436031752340500 244.203033 
436031762347500 244.258911 
436031772354500 244.320114 
436031782361500 244.380859 
436031792367500 244.433136 
436031802374500 244.485718 
436031812381500 244.549667 
436031822387500 244.627533 
436031832394500 244.718597 
436031842401500 244.808197 
436031852408500 244.878128 
436031862414500 244.927017 
436031872421500 244.962769 
436031882428500 244.982910 
436031892435500 244.986603 
436031902441500 244.993057 
436031912448500 244.998077 
436031922455500 244.997437 
436031932461500 245.000671 
436031942468500 245.001541 
436031952475500 244.996460 
436031962482500 244.986374 
436031972488500 244.976578 
436031982495500 244.978882 
436031992502500 245.000885 
436032002508500 245.037491 
436032012515500 245.100784 
436032022522500 245.201599 
436032032529500 245.309692 
436032042535500 245.394989 
436032052542500 245.432510 
436032062549500 245.415253 
436032072556500 245.361664 
436032082562500 245.294617 
436032092569500 245.236450 
436032102576500 245.197281 
436032112582500 245.184448 
436032122589500 245.190948 
436032132597000 245.202621 
436032142604000 245.205887 
436032152610000 245.192688 
436032162617000 245.165009 
436032172624000 245.136139 
436032182631000 245.112488 
436032192637000 245.097870 
436032202644000 245.091248 
436032212651000 245.086136 
436032222657000 245.072174 
436032232664000 245.048126 
436032242671000 245.015991 
436032252678000 244.981445 
436032262684000 244.949585 
436032272691000 244.916458 
436032282698000 244.875549 
436032292705000 244.832016 
436032302711000 244.789551 
436032312718000 244.747849 
436032322725000 244.710815 
436032332731000 244.680298 
436032342738000 244.652054 
436032352745000 244.628357 
436032362752000 244.603485 
436032372758000 244.568390 
436032382765000 244.528198 
436032392772000 244.489929 
436032402779000 244.459778 
436032412785000 244.436996 
436032422792000 244.425629 
436032432799000 244.426727 
436032442805000 244.436035 
436032452812000 244.448044 
436032462819000 244.473083 
436032472826000 244.495453 
436032482832000 244.502777 
436032492839000 244.495056 
436032502846000 244.478668 
436032512852000 244.463501 
436032522859000 244.452789 
436032532866000 244.450989 
436032542873000 244.452850 
436032552879000 244.454697 
436032562886000 244.456085 
436032572893000 244.449951 
436032582900000 244.432526 
436032592906000 244.407013 
436032602913000 244.380676 
436032612920000 244.353333 
436032622927000 244.331223 
436032632933000 244.314117 
436032642940000 244.302780 
436032652947000 244.292404 
436032662953000 244.277039 
436032672960000 244.255692 
436032682967000 244.222534 
436032692974000 244.170593 
436032702980000 244.102493 
436032712987000 244.046722 
436032722994000 243.936554 
436032733001000 243.860458 
436032743007000 243.864807 
436032753014000 243.975861 
436032763021000 244.157028 
