# Created at 2019-06-21 17:38:34 in KST in Seoul South Korea 
435998156999000 0.317078 
435999157687000 0.317078 
436000159079000 0.317078 
436001160297000 0.317078 
436002160953000 0.351425 
436003161605000 0.361992 
436004162217000 0.361992 
436005162885000 0.356712 
436006163497000 0.343498 
436007164596000 0.327644 
436008164913000 0.303864 
436009167103000 0.298576 
436010168486000 0.272156 
436011170390000 0.253662 
436012171412000 0.237808 
436013172003000 0.237808 
436014173661000 0.237808 
436015174517000 0.272156 
436016175399000 0.290649 
436017176816000 0.301224 
436018178689000 0.301224 
436019179346000 0.298576 
436020180308000 0.288010 
436021181927000 0.282722 
436022182889000 0.282722 
436023184691000 0.288010 
436024186962000 0.288010 
436025189059000 0.285370 
436026190436000 0.274796 
436027191184000 0.248375 
436028192642000 0.224594 
436029194145000 0.203453 
436030195075000 0.192886 
