# Created at 2019-06-21 17:38:34 in KST in Seoul South Korea 
435998156999000 100.155220 
435999157687000 100.155220 
436000159079000 100.155220 
436001160297000 100.155220 
436002160953000 100.154793 
436003161605000 100.154663 
436004162217000 100.154663 
436005162885000 100.154716 
436006163497000 100.154877 
436007164596000 100.155075 
436008164913000 100.155357 
436009167103000 100.155441 
436010168486000 100.155746 
436011170390000 100.155960 
436012171412000 100.156143 
436013172003000 100.156158 
436014173661000 100.156143 
436015174517000 100.155739 
436016175399000 100.155533 
436017176816000 100.155403 
436018178689000 100.155403 
436019179346000 100.155411 
436020180308000 100.155540 
436021181927000 100.155624 
436022182889000 100.155624 
436023184691000 100.155540 
436024186962000 100.155540 
436025189059000 100.155594 
436026190436000 100.155701 
436027191184000 100.156021 
436028192642000 100.156319 
436029194145000 100.156563 
436030195075000 100.156685 
